Id,ORGANIZATION,NAME,GENDER,SPECIALITY,ADDRESS,CITY,STATE,ZIP,LAT,LON,ENCOUNTERS,PROCEDURES
2685bcf1-676e-3256-9982-8271847723d5,588f6ce6-b8db-3588-8189-29db2680a313,Tiffaney302 Brakus656,F,GENERAL PRACTICE,461 WALNUT AVE,JAMAICA PLAIN,MA,021302331,42.311587599999996,-71.09800136347226,53,0
27b5eba2-bf96-33d3-8c47-6b008455f0a9,e09d4c49-c2ef-3b0f-9a46-3719d9219306,Ronald408 Emard19,F,GENERAL PRACTICE,60 HOSPITAL RD,LEOMINSTER,MA,014533290,42.54031915,-71.76312990486304,2,0
103f6720-d867-3df8-bddc-203710cd8248,71472d9b-aa5c-3b49-a5c3-d0eee8859015,Tyree261 Kutch271,M,GENERAL PRACTICE,118 WATERHOUSE RD STE C,BOURNE,MA,025328305,41.7281115,-70.5861571324252,39,0
18d4c2f7-3ca0-3ec5-87ba-c9da5b2a058d,39104cad-5228-3e07-9b3e-3ad736b33d5d,Chase54 Muller251,M,GENERAL PRACTICE,200 PROVIDENCE HWY,DEDHAM,MA,020261881,42.22214545274341,-71.18159060546684,34,0
894c19d6-2e29-31d6-bd66-7d857ef02ed7,f945589f-88aa-366b-9e9d-2418d091112d,Azzie965 Ziemann98,F,GENERAL PRACTICE,105 ERDMAN WAY,LEOMINSTER,MA,014531805,42.54685255,-71.75737313871981,48,0
7cec2032-a9aa-32ff-aac5-5269a9707625,5fcff9db-16e4-3e56-aa78-abbc16338097,Marcus77 Schamberger479,M,GENERAL PRACTICE,295 VARNUM AVE,WESTFORD,MA,018863513,42.5792583,-71.4378411,4,0
94da8b59-c891-3cea-bf5e-204c48f13e13,40c01d75-1542-3e0b-8e5f-78d3031beba1,Broderick767 Reynolds644,M,GENERAL PRACTICE,505 PARADISE RD,SALEM,MA,019704267,42.485927,-70.900301,62,0
fe213eb2-b1ef-3663-be16-ea0da8d833a1,e49b692f-cccc-3cd5-93df-6db63dfc3e4a,Rolland302 Lemke654,M,GENERAL PRACTICE,1250 HANCOCK ST STE 104N,QUINCY,MA,02169,42.2517569,-71.0033967,72,0
8f99cbe4-ac2e-3c3f-afce-7adb58b5aa5a,bf556284-7513-3620-a10e-5393183a9a87,Tabatha105 Roob72,F,GENERAL PRACTICE,795 MIDDLE ST,FALL RIVER,MA,027211733,41.6924092,-71.16345107025307,7,0
76fcec5f-1798-37ac-8b85-c253c7614364,4ffa4412-1493-3beb-b8f0-6614dde953a4,Sulema841 Ryan260,F,GENERAL PRACTICE,363 HIGHLAND AVENUE,WAREHAM,MA,025715011,41.745636,-70.658192,4,0
f106ddd0-24ba-3d2d-8cb6-c6fc79fb0382,b6eeaaf7-1683-3bcb-b6ee-81ce304636ef,Ariane992 Pagac496,F,GENERAL PRACTICE,170 GOVERNORS AVE,MELROSE,MA,021763225,42.4564323,-71.064182,4,0
cd212399-7026-3ab0-ac5f-de78f31b2dcf,d613e441-68e8-3502-8adb-3f770a1276bf,Emmaline88 Witting912,F,GENERAL PRACTICE,114 WATER ST,MILFORD,MA,017573007,42.13661855,-71.53474614336832,103,0
2e10c090-9e73-3117-adcd-b5a781c10229,de29a374-221b-3cb4-8051-a02c1a35e5b7,Gwyneth692 Marvin195,F,GENERAL PRACTICE,562 WASHINGTON ST,SOUTH ATTLEBORO,MA,027036942,41.912892049999996,-71.36135809627689,61,0
70a33eaf-11ef-3fc1-88ef-dcab281d97eb,ace1ac31-036a-38fd-b451-b3b87157c717,Alejandra902 Thompson596,F,GENERAL PRACTICE,170 MORTON ST,BOSTON,MA,021303735,42.299067750000006,-71.10124351911541,29,0
124ee133-1c93-3df5-a089-c6e42c0c5540,18061fd5-fda8-3e2d-87f0-0f3c87211bcc,Omer483 Koepp521,M,GENERAL PRACTICE,1493 CAMBRIDGE ST,SOMERVILLE,MA,021431408,42.3875968,-71.0994968,6,0
3066268b-e9dc-3b97-a080-3c2cea3b930d,6cf8a214-8d57-3267-85e5-7719e15cd63e,Michel472 Zulauf375,M,GENERAL PRACTICE,170 MORTON STREET,JAMAICA PLAIN,MA,021303735,42.299067750000006,-71.10124351911541,8,0
a757cb08-4eec-3a86-a826-d557461b922f,4bc0cc09-77e5-37f5-844d-64a6637cae54,Ahmed109 Feil794,M,GENERAL PRACTICE,91 EAST MOUNTAIN ROAD,WESTFIELD,MA,010851801,42.110743549999995,-72.70066160206358,5,0
07a6bd8f-4472-3b04-8edb-ec59dc3d16e5,0fedae9f-701f-3317-9b2f-69aea2202cdc,Sharron285 Batz141,F,GENERAL PRACTICE,88 EAST NEWTON STREET,WINTHROP,MA,021522715,42.3750976,-70.982827,10,0
e39e0191-1577-3c1e-8e94-514d3d75d852,981338c4-287c-3621-bc45-8b0b9f1b8922,Cari853 Kohler843,F,GENERAL PRACTICE,640 BOLTON ST,MARLBOROUGH,MA,017523999,42.3658183,-71.55914630258509,59,0
29c83f76-6d7c-3025-9afc-2231b5fe2034,ecadbc11-930c-3903-b706-f8ef4bc9089e,Erwin847 Baumbach677,M,GENERAL PRACTICE,780 CHESTNUT ST,SPRINGFIELD,MA,011031109,42.1211633,-72.60614164702717,44,0
a07e5c1b-6984-36f0-a359-b38fdbe5c804,0fab3c4e-a028-39a6-b15a-be5a88b6aa2a,Cletus494 Paucek755,M,GENERAL PRACTICE,222 STATE STREET,LUDLOW,MA,010563437,42.15547415,-72.47222226666076,10,0
72b815ef-10df-36d3-ac97-7b9f930397a2,3b021cb6-4745-3d9d-8436-230055f770bd,Dusty207 Franecki195,M,GENERAL PRACTICE,148 CHESTNUT ST,NEEDHAM,MA,024943238,42.27728075,-71.23665362814043,7,0
fcc7cee9-5e63-3347-9b28-72871673a383,00ffb204-07b4-3c72-a678-fa252e6cf86c,Kathlene786 Satterfield305,F,GENERAL PRACTICE,450 BEDFORD ST,LEXINGTON,MA,02420,42.47370735,-71.25090005,41,0
609bb10d-9e79-384e-b0a7-b2c546edf494,ad82d624-72eb-3c7d-a76d-79f2668d1390,Mathew182 Howe413,M,GENERAL PRACTICE,3 WOODLAND RD,STONEHAM,MA,021801711,42.452443099999996,-71.08939988105112,74,0
b558617c-c79a-3e27-a621-9645371998b0,6170552c-4d27-3e64-8068-64a380f1837d,Leo278 Pacocha935,M,GENERAL PRACTICE,76 SUMMER ST,HAVERHILL,MA,018305814,42.7786873,-71.07306505177553,7,0
835a201d-4b5d-319b-82ba-efd477738633,b9e35b8a-9831-32d8-a6dc-d7a546c126b0,Venus149 Blick895,F,GENERAL PRACTICE,111 HUNTOON MEMORIAL HIGHWAY  1ST FLOOR,SPRINGFIELD,MA,011092550,42.1018764,-72.5886727,4,0
92100147-e59c-3e30-8dee-b351cc54dabf,2f735290-1603-31b5-b561-7c8e0d413170,Jolynn62 Adams676,F,GENERAL PRACTICE,100 FOXBOROUGH BLVD STE 230,FOXBOROUGH,MA,020352878,42.041851949999995,-71.23486657070565,31,0
bf8cbfdf-60fe-3699-a95b-b4fae243db1b,328f813e-4de8-3ec2-a113-43f3ddfb0b2a,Victoria535 Roob72,F,GENERAL PRACTICE,30-40 WESTPARK STREET,BROCKTON,MA,023015241,42.0834335,-71.0183787,47,0
f89ba61f-143b-3199-a3ee-98c7c8e749cd,dd3307db-114c-3f11-be44-a9eef6bb3fc5,Evelin941 Ratke343,F,GENERAL PRACTICE,269 UNION STREET,LYNN,MA,019011201,42.4652772,-70.94362420273097,149,0
198949e8-0245-3277-94cb-23cee93a9bc8,5018c664-e283-30eb-932a-529d9a19b3b5,Numbers230 Stehr398,M,GENERAL PRACTICE,300 SOUTH ST,WOBURN,MA,018014979,42.473347,-71.144086,8,0
b4126946-f258-354a-a161-b36a3529a189,2e8b42f8-4300-30a9-a576-d513d1021a0a,Chris95 Haag279,M,GENERAL PRACTICE,600 CLARK RD,TEWKSBURY,MA,018761699,42.63120935,-71.27023603178071,106,0
656659b6-a0fe-35a3-b058-82974f893ce4,b53dc1b7-43b0-3c43-a73f-304165633a59,Teisha100 Leffler128,F,GENERAL PRACTICE,63 MAIN ST,HYANNIS,MA,026013202,41.6562005,-70.27336188244256,32,0
c2a34e32-b7ca-3af2-a768-06abbaedbc17,c7542447-e06e-32cb-b6db-243c23a0dbc2,Carson894 Krajcik437,M,GENERAL PRACTICE,30 WARREN ST,BOSTON,MA,021353602,42.3501483,-71.14393324457691,2,0
6bbb79cb-e52a-359e-b35c-53f634615c43,50c47685-8125-3c50-8311-8bd7ba9e9108,Mariano761 Gómez206,M,GENERAL PRACTICE,4199 WASHINGTON ST,ROSLINDALE,MA,021311733,42.2871447,-71.1277526,47,0
c15fd08d-df8a-39f0-bc63-6ceb83b19ace,9d2a1656-0f4d-30d1-bc63-eb365a05529c,Maynard46 Ward668,M,GENERAL PRACTICE,235 N PEARL ST,BROCKTON,MA,023011794,42.09805395,-71.0609587194362,1,0
42adfd5f-8c0e-352e-a761-97825e76aa1f,3fea2678-1991-3390-b5f1-ebe38f28888b,Odell776 Buckridge80,M,GENERAL PRACTICE,135 WEBSTER ST,WEYMOUTH,MA,021901613,42.2212188,-70.9391625,51,0
eda1c378-37b3-3094-b667-fc8f69b4cf98,eee00932-ca82-36bc-b7e8-e3fff6dbaeaa,Cira533 Hane680,F,GENERAL PRACTICE,450 BROOKLINE AVE,WEYMOUTH,MA,021893141,42.2212188,-70.9391625,2,0
36c60c7e-80e5-39bd-be3e-6e689ef13e12,6873525f-1680-3ceb-b536-270d44b46e2e,Lai148 Nicolas769,F,GENERAL PRACTICE,500 COLUMBIA RD,DORCHESTER,MA,021252322,42.3147979,-71.067633,33,0
863e8355-5ca6-3598-957a-25667056ac78,f8918a95-31e8-3ac4-8d12-29ca6080ebda,Domitila545 Vandervort697,F,GENERAL PRACTICE,199 REEDSDALE RD,MILTON,MA,021863926,42.251368299999996,-71.0768393856917,12,0
bcbbe45a-f2dd-3323-b6c3-847589263eac,8d5880eb-1dd8-31ea-b7c5-21709f3bb341,Jared66 Satterfield305,M,GENERAL PRACTICE,50 ROWE ST,MELROSE,MA,021763201,42.4592093,-71.06078096379728,141,0
77b13d44-fb2b-3771-afcd-761553a162fe,0ec04450-c150-322d-b2c3-1449d672a23c,Renaldo199 Huels583,M,GENERAL PRACTICE,110 W SQUANTUM ST,NORTH QUINCY,MA,021712122,42.27259075,-71.03082765,73,0
11f00db9-dc1d-38e7-babf-67083bbbfc60,a6964d47-8af0-3df2-b99d-d8414eb1cfa3,Reggie481 Schiller186,M,GENERAL PRACTICE,200 MAY ST,SOUTH ATTLEBORO,MA,027035520,41.924394750000005,-71.36076410900014,9,0
c3e474a8-5d17-31bb-adfe-07087c8fdffa,dae3ee01-f383-366e-9ad6-dc92963064ea,Orville751 Will178,M,GENERAL PRACTICE,1233 MAIN ST,HOLYOKE,MA,010405381,42.16578055,-72.63389634691956,3,0
4ac8c150-864b-319a-b2d6-f8e204044438,371948e4-733a-33b6-a835-68abefdeb59f,Roxanna261 Gleichner915,F,GENERAL PRACTICE,197 ADAMS RD,WILLIAMSTOWN,MA,012672930,42.704126099999996,-73.19043030392987,35,0
bd1779c6-f236-3d39-a55a-bdd63333e682,b7b02632-03e1-330a-aa40-fdee22899633,Rob341 Cormier289,M,GENERAL PRACTICE,840 HARRISON AVE,ROXBURY,MA,021203432,42.3279605,-71.0830607,32,0
64c6bdea-2b87-3eee-99c4-b7163c0f5068,92d919ab-8380-3fda-a5f1-838e69b819c1,Clemente531 Pagan507,M,GENERAL PRACTICE,300 TRADECENTER STE 4750,WOBURN,MA,018017420,42.4994143,-71.161659,33,0
abdcf0fa-ed34-3d87-816c-11d65176eab9,0319f6d9-60a3-36ac-9f26-b782d7997b1c,Roger751 Quitzon246,M,GENERAL PRACTICE,22 MILL ST,ARLINGTON,MA,024764738,42.4177455,-71.1579688,53,0
6170ded6-558a-36dc-af93-f675805960d2,a2cc09de-c1e2-3126-8c09-d49f95225281,Darnell564 Leannon79,M,GENERAL PRACTICE,300 LONGWOOD AVE,WALTHAM,MA,024532741,42.3756401,-71.2358004,3,0
3031e8ad-54fb-33fe-90ae-d7866cea2534,44cb1162-a345-3477-8723-c202a3c8cdcd,Jamey282 Graham902,M,GENERAL PRACTICE,73 W MAIN ST,HOPKINTON,MA,017481619,42.21799145,-71.54005509979045,60,0
72250db4-e860-3f2b-9054-7074a1c5e172,f341c366-8313-3790-ab26-d8d27b116ff5,Odell776 Greenholt190,F,GENERAL PRACTICE,80 LINCOLN STREET,WALTHAM,MA,024535465,42.39322121170625,-71.24104146434591,39,0
72ae5be7-3bac-3a55-9ce0-7ab2fb458905,0d7ef8ee-4e45-3b40-9f2b-f558dce71574,Douglas31 Kuhlman484,M,GENERAL PRACTICE,200 BOYLSTON ST,CHESTNUT HILL,MA,024672008,42.318869649999996,-71.17524247213663,39,0
b3b40cc3-df33-3e72-b8c1-4c52d0518022,f312977e-8f41-3816-84cc-e5b12ba36955,Eldora89 Langosh790,F,GENERAL PRACTICE,1153 CENTRE ST,JAMAICA PLAIN,MA,021303446,42.3017598,-71.12855793387442,1,0
53dd63e3-4c29-3fdb-9e91-c50a61103e0c,afc661fd-71d9-3fc3-adf2-3fc3b5e8a140,Leontine92 Schmeler639,F,GENERAL PRACTICE,680 CENTRE ST,RAYNHAM,MA,02767,41.9487118,-71.0731008,5,0
2575a971-3812-3f4a-9467-09355745c66f,06cc2462-430f-3322-9c87-7e971125f510,Bryon392 Mann644,M,GENERAL PRACTICE,133 OLD ROAD TO 9 ACRE COR,WESTFORD,MA,018863198,42.5792583,-71.4378411,3,0
557aa48e-c93b-3e40-beac-a87b7e80e89b,907b1d2f-2bf8-31b5-abc2-14d6b75faa96,Horacio317 Domínguez946,M,GENERAL PRACTICE,340 MAPLE ST,MARLBOROUGH,MA,017523200,42.3358161,-71.54106510218209,40,0
39856741-9ed0-3558-8d87-e838d427b20e,352f2e3b-0708-3eb4-9f7e-e73a685bf379,Araceli695 Willms744,F,GENERAL PRACTICE,157 UNION ST,SOUTHBOROUGH,MA,017721215,42.3056501,-71.5245087,4,0
38ea8440-69a8-305c-abc5-757e1588318f,34f7bdc0-0550-333e-a53f-5e2af5a6d4ec,Mable471 Kreiger457,F,GENERAL PRACTICE,212 S MEADOW RD UNIT 5C,PLYMOUTH,MA,023605450,41.9426657,-70.7618592,28,0
82f9417e-8bba-33be-a8a3-23b01ea7b17f,e34d8448-8b98-3f91-9fe7-faeb8a78e1db,Gordon377 Monahan736,M,GENERAL PRACTICE,NEW ENGLAND SINAI HOSPITAL,MILTON,MA,021862377,42.2501425,-71.065573,52,0
0cb976eb-3826-3148-85c9-786b46205e49,a2d45ee8-b930-3169-b612-f602961ad212,Valentine262 Leannon79,M,GENERAL PRACTICE,37 MINUTEMAN WAY,SHREWSBURY,MA,015452229,42.288207,-71.73443816915585,85,0
034a393a-e820-3a52-8a75-4c91d4e77648,10ffe7b1-2f94-3f12-9288-679da05a1ec9,Odessa199 Hintz995,F,GENERAL PRACTICE,133 LITTLETON RD,WESTFORD,MA,01886,42.57056335,-71.41736646422413,39,0
5124ec91-7962-316e-a18b-467da669cb39,4fa643ae-1f58-3c2e-9f33-0ba56345ad10,Luz785 Feliciano160,F,GENERAL PRACTICE,361 MAIN ST,WAREHAM,MA,025712153,41.761384899999996,-70.71911431737183,57,0
5ac4d54d-5f56-3a4f-bd68-2bb7a5e2a720,fb4a08b8-57ee-382b-b3cb-43d94f1bb4c0,Theo630 Hammes673,F,GENERAL PRACTICE,1010 SOUTH MAIN STREET,FALL RIVER,MA,027242855,41.690775450000004,-71.16515282264554,35,0
8cdbc74e-503d-3a53-8655-c19234979228,3d5fbf38-c781-3e04-8c7e-5a402611b7d4,Enriqueta274 Barton704,F,GENERAL PRACTICE,260 ELM ST,SOMERVILLE,MA,021442951,42.3955992,-71.1227391,136,0
74b0e845-573e-3bd3-a82e-2098102f514c,d6b03647-983f-3162-af9e-b12aea026f13,Son314 MacGyver246,M,GENERAL PRACTICE,65 NEWBURYPORT TPKE,NEWBURY,MA,019501199,42.7891081,-70.87774011339009,35,0
306218e5-2e27-37e2-a45c-60c78507df3b,f43f97f2-af04-3ed0-a42e-3681718cc9b2,Jacques50 Quigley282,M,GENERAL PRACTICE,725 NORTH ST,PITTSFIELD,MA,012014109,42.4600752,-73.2492795834909,2,0
d7e7fff3-e765-3292-8180-07aab4babb40,8ce066ae-10ad-3679-9272-387e8cb21947,Bettye671 Tromp100,F,GENERAL PRACTICE,3 CHERRY ST,NEWBURYPORT,MA,019503928,42.80038345,-70.87664535540449,72,0
5099beab-514c-3c4e-a085-f1740a3f8aae,936ceb96-2b12-371f-aa68-ee02a9c06f4c,Eddie505 Keeling57,F,GENERAL PRACTICE,225 BOSTON ST,LYNN,MA,019043124,42.470497449999996,-70.96003668151566,188,0
640d2311-c03e-35d7-abc6-1308ad555d13,a855314b-4fb5-37fc-8015-5caa96c928b1,Terrence276 Kiehn525,M,GENERAL PRACTICE,759 CHESTNUT ST,SPRINGFIELD,MA,011991001,42.121522049999996,-72.60300615153007,2,0
35dc53da-7091-3ff3-88c5-a9641447fecf,4f59f709-8b84-3d27-a04b-c6b7b5544413,Jamison785 Davis923,M,GENERAL PRACTICE,70 BOLTWOOD WALK,AMHERST,MA,010022271,42.3768779,-72.51840280783739,32,0
29a1ff37-7bf2-312e-94bb-eb8fb81208f4,c25911bc-3240-358a-86ce-5f45bb8f0c53,Brock407 Hammes673,M,GENERAL PRACTICE,325 WOOD RD,WELLESLEY HILLS,MA,024812188,42.3130588,-71.2738201,42,0
1b9231db-8bf5-3de3-b0dd-4960a23a6862,680532c8-2661-3b39-875a-b6ec0746ccf5,Jolyn4 Dach178,F,GENERAL PRACTICE,30 ATHOL ST,ALLSTON,MA,021341124,42.36075595,-71.13397379082869,31,0
203f1635-627d-3bdd-8594-183001c15f52,c6b019eb-28ec-36f6-abf3-bcc4d1d58966,Sherwood961 Aufderhar910,M,GENERAL PRACTICE,33 AVON ST,WAKEFIELD,MA,018802310,42.50403445,-71.07462951514611,29,0
3d3340c1-7505-3bab-873a-883b4734809a,06376cbe-4880-384b-b459-7ce3eef36ced,Cody889 Ratke343,F,GENERAL PRACTICE,387 QUARRY ST,FALL RIVER,MA,027231026,41.6932713,-71.1402431739568,72,0
70cfea7f-fd32-36be-8b8c-6ee5c10c403c,2836d9ac-c6a6-39d1-8f13-fdf0fc8928f4,Alysha630 Koch169,F,GENERAL PRACTICE,365 EAST ST,TEWKSBURY,MA,018761950,42.6069472,-71.2180803,7,0
eb703666-aeef-362c-9715-15bac113162e,a2f8d8fe-665e-390f-8b9b-efdc0b14a77c,Pearlene638 Towne435,F,GENERAL PRACTICE,161 JACKSON ST,LOWELL,MA,018522103,42.6425382,-71.3093946,78,0
2690f2a0-1937-3048-9e1b-9b951d4634a4,82c72223-f521-3a34-9b9b-4ff366365399,Margaret865 Reinger292,F,GENERAL PRACTICE,2100 DORCHESTER AVENUE,QUINCY,MA,021691870,42.2509914,-71.0037374,5,0
a5c1be2f-879d-3c2a-89f6-1cd3e03064b2,e2eab39c-5195-34aa-b35f-e89e37cfed01,January966 Roberts511,F,GENERAL PRACTICE,55 FOGG ROAD,WEYMOUTH,MA,021893141,42.175539799999996,-70.9539153674405,2,0
8cbcec19-5fc0-3fc8-b223-3bd748a56eac,21989e2e-249c-3b79-acf0-240211e16b4b,Mignon230 Ullrich385,F,GENERAL PRACTICE,1290 TREMONT ST,ROXBURY,MA,021203432,42.3327398,-71.09194864251029,34,0
eee31985-ce31-3c88-848d-1c03d609e464,df3f566c-97e5-31ed-b0fe-4b452666f736,Mckinley734 Rodriguez71,M,GENERAL PRACTICE,300 CHESTNUT ST,NEEDHAM,MA,024922477,42.27522125,-71.23743483674366,88,0
73cdb0f4-dd97-38bb-952e-671d83d0d916,4705a8fd-19cd-32c1-8b3e-34bcfe84d0bd,Wynell591 Mayert710,F,GENERAL PRACTICE,55 N WASHINGTON ST,NORTH ATTLEBORO,MA,027601607,41.983529,-71.332241,62,0
57aa7a17-cc72-36ef-84fc-c8140357fc41,f5ccbb53-e4a0-32e5-a693-02150497a8f4,Tyrone215 Huels583,M,GENERAL PRACTICE,100 HIGHLAND ST,MILTON,MA,021863881,42.250705749999995,-71.07724199194602,43,0
b868876e-7fc0-31ab-912d-0a153173c056,497f39dd-280e-3d58-af5b-c5e3a3a09b10,Randy380 Bergstrom287,F,GENERAL PRACTICE,27 PARK ST,HYANNIS,MA,026015230,41.65363635,-70.27352219234834,9,0
98e957df-7644-39fc-8e4d-601e1cbd9305,578b56de-fe9c-32e1-aea4-876f8bc01e9c,Agnes294 Dooley940,F,GENERAL PRACTICE,49 HILLSIDE STREET,FALL RIVER,MA,027205211,41.707406500000005,-71.14593659462452,1,0
fd842809-4afe-322f-8c44-0f64d1daae25,c5d5a544-0277-342f-8422-d30848a82438,Adela471 King743,F,GENERAL PRACTICE,151 ROCK ST,FALL RIVER,MA,027203201,41.70365955,-71.15259151299796,52,0
1dac00c1-399d-3963-89aa-262ae2413efb,c2e93fb4-abf2-3210-b6ec-4d1ecb2b76f0,Kyle55 Halvorson124,M,GENERAL PRACTICE,62 BROWN ST,HAVERHILL,MA,01830,42.76512700000001,-71.04617174286321,42,0
db03ff45-c777-3f63-b087-e5030fb554ab,ec509895-6196-36d1-b91e-272bed7e6196,Norbert530 Veum823,M,GENERAL PRACTICE,40 ARMINGTON ST,ALLSTON,MA,021342406,42.3521617,-71.1375176,33,0
c589d969-96f9-37b0-9c73-48a1f7ff66d7,b44955d1-f0e2-3beb-a013-708a81dbe430,Idella49 Runte676,F,GENERAL PRACTICE,680 CENTRE ST,WEST BRIDGEWATER,MA,023791600,42.0219112,-71.019004,66,0
a337b744-4314-374c-9028-c026dded628d,ad2dab07-4f85-3950-baaa-7c7cd2aa770c,Federico589 Kuhic920,M,GENERAL PRACTICE,55 LAKE AVENUE NORTH,WORCESTER,MA,016550002,42.2774799,-71.76166994969458,2,0
50fba706-2628-3b1f-9c49-4088e921eccd,18b1bb7e-2f93-3253-a7ae-d19c13ffeaa1,Patty600 Bashirian201,F,GENERAL PRACTICE,29 E 29TH ST,WEST NEWBURY,MA,019854201,42.8014795,-70.989778,30,0
96ef2a22-9af1-3818-b767-655e4ceeeca3,67d2f85b-ddc7-3ed0-b90b-6fa5b7b8358a,Marshall526 Jenkins714,M,GENERAL PRACTICE,43 FOUNDRY AVE,WALTHAM,MA,024538313,42.37050535,-71.21908334877376,42,0
49874f60-1ec9-32fb-989d-dbb65e557ca5,1d45436f-15a9-326e-a452-2e9ffc9fc5e5,Wilfredo622 Mraz590,M,GENERAL PRACTICE,75 SPRINGFIELD RD,WESTFIELD,MA,010851832,42.111428849999996,-72.71189899299209,125,0
7edd61c1-0eef-302d-b789-513f6026d45a,94dda4e1-7476-367a-b1f8-37ea7f61a1b7,Yolanda648 Vargas494,F,GENERAL PRACTICE,145 WARD HILL AVENUE,WESTBOROUGH,MA,015811017,42.2694308,-71.6129907,2,0
cc8d4dcc-acd7-39ac-98a0-af1271382b4b,c0a33465-d309-3d2a-932e-9d554a7cc19c,Nathanael908 Rogahn59,M,GENERAL PRACTICE,100 CENTURY DR,WORCESTER,MA,016061244,42.3138278,-71.7707002,2,0
1a180406-cebf-3af6-9684-034b591f3102,0a689d33-2b0d-3942-8de8-e28812e91c69,Clora637 Pagac496,F,GENERAL PRACTICE,47 SEAVERNS AVE # 5,BROOKLINE,MA,024463806,42.3317642,-71.1211635,60,0
6a2e62e3-1f6f-31f2-97b8-5745c09deec4,6e517750-a29e-3170-a02b-5733ff523458,Margarita164 Abbott774,F,GENERAL PRACTICE,101 BARRY RD,WORCESTER,MA,016091275,42.3030701,-71.8333408960994,41,0
6ccb65fc-b475-3b8a-bda5-5ff0c03a3813,0be0e035-8dad-387e-bbdd-a5a469c4311f,Tyler508 Howe413,M,GENERAL PRACTICE,480 MAPLE ST,DANVERS,MA,019234065,42.584178050000006,-70.97197467750539,28,0
e8182a6d-19da-37b1-8d93-f566a4ea4ba9,125eccb3-d003-34ea-9bd8-360dff059782,Mickey576 Gerlach374,M,GENERAL PRACTICE,125 PARKER HILL AVENUE,DEDHAM,MA,020266146,42.2489143,-71.1755732,4,0
912c5676-d7c0-3d0d-bd3c-ff8325cf8ee7,a1a024f0-95e2-3db4-a771-e2f17c5da162,Shella455 Schmidt332,F,GENERAL PRACTICE,18 NEWTON ST,BROCKTON,MA,023015115,42.0785392,-71.02602473630952,38,0
f283ce36-dee5-387b-9690-8035ebbbecaf,aad05540-c9cb-3805-b3c4-f9b9d9b42b2e,Arla414 Fritsch593,F,GENERAL PRACTICE,821 E MAIN ST STE 3,CHICOPEE,MA,010206306,42.155774795300516,-72.55672263289513,139,0
4a32972a-5dac-3fd0-9abf-52fd410f816f,19a3afba-b409-3650-a0ab-f3faf6e391ef,Patrina117 Strosin214,F,GENERAL PRACTICE,199 REEDSDALE RD,WALTHAM,MA,024511433,42.3756401,-71.2358004,1,0
6896baca-5393-3c70-9612-836345cc4d65,0e9d0119-1157-35a0-8bb5-7e0aa3041928,Kari181 Trantow673,F,GENERAL PRACTICE,1049 MAIN STREET,SPRINGFIELD,MA,011032114,42.09977055,-72.58470990760483,109,0
442b445b-ac19-39bc-93c5-db55b63ed5e9,83a08dcf-7ed6-3d2e-afc0-a72c05d2563c,Thaddeus38 Stiedemann542,M,GENERAL PRACTICE,755 MAIN ST,HAVERHILL,MA,018302166,42.797835,-71.0878121,78,0
bc079b55-fa59-3545-9728-44bf10a35552,cbebae9e-f95e-3d2c-9712-289ea8d6aeec,George991 Haley279,M,GENERAL PRACTICE,49 ROBINWOOD AVENUE,QUINCY,MA,021698130,42.2509914,-71.0037374,1,0
fbe13839-7efe-35fe-87f5-e9958e066833,1cec4304-9757-3a10-ad4f-7e2090c56131,Eugene421 Rohan584,F,GENERAL PRACTICE,55 LAKE AVE N,WORCESTER,MA,016550002,42.2774799,-71.76166994969458,3,0
a6b8a8ec-c49b-3946-978e-592f22583c1c,5862e05c-9533-3f7a-8f73-215d50f5ee2f,Emilio417 Barton704,M,GENERAL PRACTICE,1200 CENTRE ST,ROSLINDALE,MA,021311000,42.29768,-71.130463,5,0
dca2abf0-4056-3a3b-9ab0-36d2c3a98793,a5577e5c-b886-37a0-8eee-8ff6feb7ea6b,Leopoldo762 Keebler762,M,GENERAL PRACTICE,330 MOUNT AUBURN ST,CAMBRIDGE,MA,021385502,42.3741033,-71.13417575971958,5,0
c24a23e6-25a8-3203-8e8f-9d44c1cddb82,5581e43d-0463-3a0b-afc7-a60aea5ac96c,Benita195 VonRueden376,F,GENERAL PRACTICE,57 RIVER RD,ANDOVER,MA,018101144,42.69112645,-71.19636086287642,33,0
851b1e78-707a-3621-95f4-8cc75e29c243,b574fc4f-313c-38a4-9baf-7e12e431a499,Georgeanna785 Schulist381,F,GENERAL PRACTICE,511 W GROVE ST,MIDDLEBORO,MA,023461479,41.90036455,-70.9535889372234,71,0
63e441d7-1e4a-3083-bc85-f06147a02aa6,2bde75a8-708f-3930-8d57-100ab365d413,Lourdes258 Puga7,F,GENERAL PRACTICE,173 WORCESTER ST,WELLESLEY,MA,024815521,42.2964859,-71.2925571,75,0
8acdb631-a709-3b08-8834-6576aac0747a,845fbd9b-2d1c-39a8-8261-28ae40e4fab2,Bennett146 Rippin620,M,GENERAL PRACTICE,14 PROSPECT STREET,UPTON,MA,015681431,42.1700209025178,-71.59409308099494,9,0
0c45dacb-a13d-388f-8306-8aaca4a8eee4,bac9dc0c-cb0f-3fa6-aa12-819dd0fb922a,Floy720 Greenfelder433,F,GENERAL PRACTICE,1493 CAMBRIDGE ST,SOMERVILLE,MA,021452935,42.3875968,-71.0994968,2,0
1f8209eb-bf49-38a9-8a35-4ca8ddc19b52,84d5768f-3a21-3da9-aad2-bbf7a3ae2700,Elba502 Schneider199,F,GENERAL PRACTICE,817 MERRIMACK ST,LOWELL,MA,018543548,42.650296999999995,-71.32263756223612,37,0
a6cc962e-7f84-3a50-afa9-27994821df74,af8566eb-8918-3ec7-ba44-92b6a2cf8097,Luz785 Lugo857,F,GENERAL PRACTICE,81 HIGHLAND AVE,SALEM,MA,019702714,42.5112107,-70.90516241826194,2,0
3351eec6-82a5-3745-a856-ce9beb70db24,ecd3b321-0a8a-3ce6-81f0-982dd77fce43,Tracie996 Lesch175,F,GENERAL PRACTICE,25 HIGHLAND AVE,NEWBURYPORT,MA,019503867,42.81369325,-70.89091645747592,3,0
11d37bc9-3345-32d1-9b18-f808e635dc7e,4f5e8f16-a31b-3071-8556-d7188ede313d,Kala987 Wolf938,F,GENERAL PRACTICE,575 BEECH ST,HOLYOKE,MA,010402223,42.20105435,-72.628169560868,45,0
c1cdca79-5440-3ff2-9f83-309b823bd530,69cb2157-b620-3c51-9c94-f516462d2d55,Luther918 Schroeder447,M,GENERAL PRACTICE,11 WATER ST,ARLINGTON,MA,02476,42.41642055,-71.15424293038585,155,0
c068c453-47b4-313a-8ec8-39e6487c5e39,9a20d707-68e4-32c0-b2b2-2f5d5c2012cd,Lorinda137 Pouros728,F,GENERAL PRACTICE,131 CAMBRIDGE ST STE 1,BURLINGTON,MA,018033711,42.50284395,-71.19574553661971,67,0
e1f2abe0-d25f-3312-ab5a-006f489d40f5,43ee6bb5-8efa-3bfc-8ca8-1579a5267753,Shawanna357 Roob72,F,GENERAL PRACTICE,235 N PEARL ST,BROCKTON,MA,023011794,42.09805395,-71.0609587194362,2,0
da7bc762-3298-3e8d-af30-f5396344c704,28d71598-85eb-3a0e-90c1-22e0be1af57c,Jodie811 Hermann103,F,GENERAL PRACTICE,38 MULBERRY ST STE 204,NORTHAMPTON,MA,010602832,42.35436315,-72.70256804599192,42,0
0e2d5a32-e317-3cbe-881c-5520ab68b626,48a07866-e8d7-3268-aa3c-ca3237c8e6f3,Devona405 Stamm704,F,GENERAL PRACTICE,188 PROVIDENCE ST,HYDE PARK,MA,021361861,42.2682551,-71.12174592925336,45,0
7ec4ab14-02fd-3181-94dc-73a5e60feb05,25431f9a-00e4-36d8-9810-4125328eec50,Paris331 Ruecker817,M,GENERAL PRACTICE,55 FRUIT ST,WALTHAM,MA,02451,42.3756401,-71.2358004,2,0
61feedfd-9d0c-3a49-b987-f02c6461195c,89171335-b9c0-3326-98d6-a837d432b9fd,Lorette239 Hauck852,F,GENERAL PRACTICE,150 FLANDERS ROAD,LYNN,MA,019042915,42.466763,-70.9494939,9,0
0f7024de-d848-38b3-a4fe-175bac1a07f3,217cb6f6-e822-3831-9d9d-ffa104971042,Luther918 Jakubowski832,M,GENERAL PRACTICE,2 REHABILITATION WAY,WOBURN,MA,018016003,42.46352265,-71.161925472006,7,0
dbebfbee-9d53-324e-b67f-a1b4e9799df0,e2a8b444-9b8f-36ff-84c4-05ee98589482,Francisco472 Gusikowski974,F,GENERAL PRACTICE,8 SHIPWAY PL # C-8,CHARLESTOWN,MA,021294301,42.3778749,-71.0619957,79,0
75c21eb1-c353-330f-8d4d-bf7ef4ebcdd4,883f57b8-89c6-3dc4-b6da-047705c88623,Blanche121 Bailey598,F,GENERAL PRACTICE,363 HIGHLAND AVE,FALL RIVER,MA,027203703,41.7093779,-71.1460783680883,2,0
05a694e7-5ee2-35ff-b317-f60f1811ae31,0a2252ba-33de-322f-8f0a-e5b0141f1780,Hue920 Block661,F,GENERAL PRACTICE,632 BLUE  HILL AVENUE,DORCHESTER,MA,021213213,42.2941088,-71.0885355,80,0
3ac8d543-a0e5-3b16-8fed-38b81aaeaefa,67cade01-dcfe-37b7-8e2c-b712d9e6fbba,Lelah386 Wintheiser220,F,GENERAL PRACTICE,694 MAIN ST,HOLDEN,MA,015201862,42.3406819,-71.8390289,33,0
04e33746-df13-3d7b-b985-268e74948dce,11a40a26-a5a3-331d-aef0-d06dd90e2b4e,Len277 Wintheiser220,M,GENERAL PRACTICE,10 OSTERVILLE WEST BARNSTABLE RD,YARMOUTH PORT,MA,026752000,41.7020544,-70.249465,70,0
72ac7240-5e50-3adf-9e62-bbe97ccf5ed5,91808f17-7583-32a3-aa55-23b131b327c7,Leonie332 Wunsch504,F,GENERAL PRACTICE,200 CORDWAINER DR,NORWELL,MA,020611671,42.16352995,-70.8846291501739,62,0
67b290e1-68eb-3cb6-b689-67d9eabc54ad,c709c5eb-ddd7-3778-84f7-0931a4d1c718,Jim478 Goyette777,M,GENERAL PRACTICE,1200 CENTRE ST,ROSLINDALE,MA,021311000,42.29768,-71.130463,2,0
6bb7071c-d1b4-35ef-a5a9-f97f0428c1f6,d70d47dc-b40c-3a04-8342-35cbfe716409,Lakenya863 Hilpert278,F,GENERAL PRACTICE,83 LITTLEFIELD RD,NEWTON,MA,024593010,42.3104327,-71.18883283411856,75,0
196a0d1e-eeea-323e-a725-778deaebb849,6aae7a31-90df-3455-ad8d-81f8cf2d21e8,Damaris45 Funk324,F,GENERAL PRACTICE,680 CENTRE ST,BROCKTON,MA,023023308,42.0872752,-70.9910738855076,2,0
